{
  "nbformat": 4,
  "nbformat_minor": 0,
  "metadata": {
    "colab": {
      "provenance": [],
      "authorship_tag": "ABX9TyMUpKIl/jWqKVvdV77yiK4w",
      "include_colab_link": true
    },
    "kernelspec": {
      "name": "python3",
      "display_name": "Python 3"
    },
    "language_info": {
      "name": "python"
    }
  },
  "cells": [
    {
      "cell_type": "markdown",
      "metadata": {
        "id": "view-in-github",
        "colab_type": "text"
      },
      "source": [
        "<a href=\"https://colab.research.google.com/github/YaXun112/Colab/blob/DL/HW1.ipynb\" target=\"_parent\"><img src=\"https://colab.research.google.com/assets/colab-badge.svg\" alt=\"Open In Colab\"/></a>"
      ]
    },
    {
      "cell_type": "code",
      "source": [
        "import pandas as pd\n",
        "import matplotlib.pyplot as plt\n",
        "import numpy as np"
      ],
      "metadata": {
        "id": "yLE7UNEiISTz"
      },
      "execution_count": null,
      "outputs": []
    },
    {
      "cell_type": "code",
      "execution_count": null,
      "metadata": {
        "id": "oPqd4ZUVFiae"
      },
      "outputs": [],
      "source": [
        "import os\n",
        "\n",
        "Dataset_File = \"WeatherData.csv\"\n",
        "if not os.path.isfile(Dataset_File):\n",
        "  os.system(\"wget https://raw.githubusercontent.com/cnchi/datasets/master/\" + Dataset_File)"
      ]
    },
    {
      "cell_type": "code",
      "source": [
        "dfCSV = pd.read_csv(\"WeatherData.csv\")\n",
        "print(dfCSV)"
      ],
      "metadata": {
        "colab": {
          "base_uri": "https://localhost:8080/"
        },
        "id": "6sgD9HjxIE4q",
        "outputId": "e66c42be-fb68-4ef1-c2c0-eab08bf5ec8b"
      },
      "execution_count": null,
      "outputs": [
        {
          "output_type": "stream",
          "name": "stdout",
          "text": [
            "    觀測日期(day)  當日氣壓(hPa)  氣溫(℃)  相對溼度(%)  風速(m/s)  降水量(mm)\n",
            "0           1      996.3   25.7       90      0.3      6.5\n",
            "1           2     1001.1   28.2       80      0.6      0.0\n",
            "2           3     1005.1   28.2       79      1.3      4.0\n",
            "3           4     1005.9   27.0       86      0.6     91.5\n",
            "4           5     1005.2   27.7       84      0.3      7.0\n",
            "5           6     1004.8   28.3       79      0.4      0.0\n",
            "6           7     1005.8   27.7       84      0.6      1.0\n",
            "7           8     1003.6   29.0       79      0.6      0.0\n",
            "8           9     1001.3   26.5       90      0.6     40.0\n",
            "9          10      999.1   25.6       91      0.4     53.5\n",
            "10         11      998.9   25.4       92      0.2      4.0\n",
            "11         12      999.4   25.5       84      0.9      0.5\n",
            "12         13      998.6   26.4       77      1.5      0.0\n",
            "13         14     1001.3   26.3       83      0.9      1.5\n",
            "14         15     1004.9   24.5       89      1.1     22.5\n",
            "15         16     1005.7   25.7       91      0.3     40.5\n",
            "16         17     1007.1   26.4       93      0.0      0.5\n",
            "17         18     1005.3   28.6       81      0.3      0.0\n",
            "18         19     1002.6   28.7       79      0.2      0.0\n",
            "19         20     1001.7   30.0       74      0.4      0.0\n",
            "20         21     1002.4   30.1       75      0.4      0.0\n",
            "21         22     1003.5   29.3       78      0.3      0.0\n",
            "22         23     1004.8   27.3       87      0.6     64.5\n",
            "23         24     1005.5   27.4       84      0.5     11.5\n",
            "24         25     1006.1   28.5       79      0.4      0.0\n",
            "25         26     1006.0   29.1       77      0.7      0.0\n",
            "26         27     1006.9   28.8       74      0.9      0.0\n",
            "27         28     1006.5   29.0       73      0.3      0.0\n",
            "28         29     1004.1   28.6       77      0.4      0.5\n",
            "29         30     1003.1   27.5       85      0.6      8.5\n"
          ]
        }
      ]
    },
    {
      "cell_type": "code",
      "source": [
        "ary = dfCSV.to_numpy()\n",
        "print(ary.T)"
      ],
      "metadata": {
        "colab": {
          "base_uri": "https://localhost:8080/"
        },
        "id": "enM2cWeaYhel",
        "outputId": "a6678adc-38b0-4f0d-b13c-b5166bfcd754"
      },
      "execution_count": null,
      "outputs": [
        {
          "output_type": "stream",
          "name": "stdout",
          "text": [
            "[[1.0000e+00 2.0000e+00 3.0000e+00 4.0000e+00 5.0000e+00 6.0000e+00\n",
            "  7.0000e+00 8.0000e+00 9.0000e+00 1.0000e+01 1.1000e+01 1.2000e+01\n",
            "  1.3000e+01 1.4000e+01 1.5000e+01 1.6000e+01 1.7000e+01 1.8000e+01\n",
            "  1.9000e+01 2.0000e+01 2.1000e+01 2.2000e+01 2.3000e+01 2.4000e+01\n",
            "  2.5000e+01 2.6000e+01 2.7000e+01 2.8000e+01 2.9000e+01 3.0000e+01]\n",
            " [9.9630e+02 1.0011e+03 1.0051e+03 1.0059e+03 1.0052e+03 1.0048e+03\n",
            "  1.0058e+03 1.0036e+03 1.0013e+03 9.9910e+02 9.9890e+02 9.9940e+02\n",
            "  9.9860e+02 1.0013e+03 1.0049e+03 1.0057e+03 1.0071e+03 1.0053e+03\n",
            "  1.0026e+03 1.0017e+03 1.0024e+03 1.0035e+03 1.0048e+03 1.0055e+03\n",
            "  1.0061e+03 1.0060e+03 1.0069e+03 1.0065e+03 1.0041e+03 1.0031e+03]\n",
            " [2.5700e+01 2.8200e+01 2.8200e+01 2.7000e+01 2.7700e+01 2.8300e+01\n",
            "  2.7700e+01 2.9000e+01 2.6500e+01 2.5600e+01 2.5400e+01 2.5500e+01\n",
            "  2.6400e+01 2.6300e+01 2.4500e+01 2.5700e+01 2.6400e+01 2.8600e+01\n",
            "  2.8700e+01 3.0000e+01 3.0100e+01 2.9300e+01 2.7300e+01 2.7400e+01\n",
            "  2.8500e+01 2.9100e+01 2.8800e+01 2.9000e+01 2.8600e+01 2.7500e+01]\n",
            " [9.0000e+01 8.0000e+01 7.9000e+01 8.6000e+01 8.4000e+01 7.9000e+01\n",
            "  8.4000e+01 7.9000e+01 9.0000e+01 9.1000e+01 9.2000e+01 8.4000e+01\n",
            "  7.7000e+01 8.3000e+01 8.9000e+01 9.1000e+01 9.3000e+01 8.1000e+01\n",
            "  7.9000e+01 7.4000e+01 7.5000e+01 7.8000e+01 8.7000e+01 8.4000e+01\n",
            "  7.9000e+01 7.7000e+01 7.4000e+01 7.3000e+01 7.7000e+01 8.5000e+01]\n",
            " [3.0000e-01 6.0000e-01 1.3000e+00 6.0000e-01 3.0000e-01 4.0000e-01\n",
            "  6.0000e-01 6.0000e-01 6.0000e-01 4.0000e-01 2.0000e-01 9.0000e-01\n",
            "  1.5000e+00 9.0000e-01 1.1000e+00 3.0000e-01 0.0000e+00 3.0000e-01\n",
            "  2.0000e-01 4.0000e-01 4.0000e-01 3.0000e-01 6.0000e-01 5.0000e-01\n",
            "  4.0000e-01 7.0000e-01 9.0000e-01 3.0000e-01 4.0000e-01 6.0000e-01]\n",
            " [6.5000e+00 0.0000e+00 4.0000e+00 9.1500e+01 7.0000e+00 0.0000e+00\n",
            "  1.0000e+00 0.0000e+00 4.0000e+01 5.3500e+01 4.0000e+00 5.0000e-01\n",
            "  0.0000e+00 1.5000e+00 2.2500e+01 4.0500e+01 5.0000e-01 0.0000e+00\n",
            "  0.0000e+00 0.0000e+00 0.0000e+00 0.0000e+00 6.4500e+01 1.1500e+01\n",
            "  0.0000e+00 0.0000e+00 0.0000e+00 0.0000e+00 5.0000e-01 8.5000e+00]]\n"
          ]
        }
      ]
    },
    {
      "cell_type": "code",
      "source": [
        "DTem = ary.T[2]"
      ],
      "metadata": {
        "id": "uKDsFNX9bxRE"
      },
      "execution_count": null,
      "outputs": []
    },
    {
      "cell_type": "code",
      "source": [
        "dfCSV.describe(include='all')"
      ],
      "metadata": {
        "colab": {
          "base_uri": "https://localhost:8080/",
          "height": 300
        },
        "id": "4OQnrzsXYPDw",
        "outputId": "3cba8d4a-c8f6-48d4-f4a0-861798878a4c"
      },
      "execution_count": null,
      "outputs": [
        {
          "output_type": "execute_result",
          "data": {
            "text/plain": [
              "       觀測日期(day)    當日氣壓(hPa)      氣溫(℃)    相對溼度(%)    風速(m/s)    降水量(mm)\n",
              "count  30.000000    30.000000  30.000000  30.000000  30.000000  30.000000\n",
              "mean   15.500000  1003.420000  27.566667  82.466667   0.553333  11.933333\n",
              "std     8.803408     2.844644   1.486568   5.929083   0.333976  22.894712\n",
              "min     1.000000   996.300000  24.500000  73.000000   0.000000   0.000000\n",
              "25%     8.250000  1001.400000  26.400000  78.250000   0.300000   0.000000\n",
              "50%    15.500000  1004.450000  27.700000  82.000000   0.450000   0.500000\n",
              "75%    22.750000  1005.650000  28.675000  86.750000   0.600000   8.125000\n",
              "max    30.000000  1007.100000  30.100000  93.000000   1.500000  91.500000"
            ],
            "text/html": [
              "\n",
              "  <div id=\"df-bb733f39-206d-4936-990b-fda8dca5b3b8\" class=\"colab-df-container\">\n",
              "    <div>\n",
              "<style scoped>\n",
              "    .dataframe tbody tr th:only-of-type {\n",
              "        vertical-align: middle;\n",
              "    }\n",
              "\n",
              "    .dataframe tbody tr th {\n",
              "        vertical-align: top;\n",
              "    }\n",
              "\n",
              "    .dataframe thead th {\n",
              "        text-align: right;\n",
              "    }\n",
              "</style>\n",
              "<table border=\"1\" class=\"dataframe\">\n",
              "  <thead>\n",
              "    <tr style=\"text-align: right;\">\n",
              "      <th></th>\n",
              "      <th>觀測日期(day)</th>\n",
              "      <th>當日氣壓(hPa)</th>\n",
              "      <th>氣溫(℃)</th>\n",
              "      <th>相對溼度(%)</th>\n",
              "      <th>風速(m/s)</th>\n",
              "      <th>降水量(mm)</th>\n",
              "    </tr>\n",
              "  </thead>\n",
              "  <tbody>\n",
              "    <tr>\n",
              "      <th>count</th>\n",
              "      <td>30.000000</td>\n",
              "      <td>30.000000</td>\n",
              "      <td>30.000000</td>\n",
              "      <td>30.000000</td>\n",
              "      <td>30.000000</td>\n",
              "      <td>30.000000</td>\n",
              "    </tr>\n",
              "    <tr>\n",
              "      <th>mean</th>\n",
              "      <td>15.500000</td>\n",
              "      <td>1003.420000</td>\n",
              "      <td>27.566667</td>\n",
              "      <td>82.466667</td>\n",
              "      <td>0.553333</td>\n",
              "      <td>11.933333</td>\n",
              "    </tr>\n",
              "    <tr>\n",
              "      <th>std</th>\n",
              "      <td>8.803408</td>\n",
              "      <td>2.844644</td>\n",
              "      <td>1.486568</td>\n",
              "      <td>5.929083</td>\n",
              "      <td>0.333976</td>\n",
              "      <td>22.894712</td>\n",
              "    </tr>\n",
              "    <tr>\n",
              "      <th>min</th>\n",
              "      <td>1.000000</td>\n",
              "      <td>996.300000</td>\n",
              "      <td>24.500000</td>\n",
              "      <td>73.000000</td>\n",
              "      <td>0.000000</td>\n",
              "      <td>0.000000</td>\n",
              "    </tr>\n",
              "    <tr>\n",
              "      <th>25%</th>\n",
              "      <td>8.250000</td>\n",
              "      <td>1001.400000</td>\n",
              "      <td>26.400000</td>\n",
              "      <td>78.250000</td>\n",
              "      <td>0.300000</td>\n",
              "      <td>0.000000</td>\n",
              "    </tr>\n",
              "    <tr>\n",
              "      <th>50%</th>\n",
              "      <td>15.500000</td>\n",
              "      <td>1004.450000</td>\n",
              "      <td>27.700000</td>\n",
              "      <td>82.000000</td>\n",
              "      <td>0.450000</td>\n",
              "      <td>0.500000</td>\n",
              "    </tr>\n",
              "    <tr>\n",
              "      <th>75%</th>\n",
              "      <td>22.750000</td>\n",
              "      <td>1005.650000</td>\n",
              "      <td>28.675000</td>\n",
              "      <td>86.750000</td>\n",
              "      <td>0.600000</td>\n",
              "      <td>8.125000</td>\n",
              "    </tr>\n",
              "    <tr>\n",
              "      <th>max</th>\n",
              "      <td>30.000000</td>\n",
              "      <td>1007.100000</td>\n",
              "      <td>30.100000</td>\n",
              "      <td>93.000000</td>\n",
              "      <td>1.500000</td>\n",
              "      <td>91.500000</td>\n",
              "    </tr>\n",
              "  </tbody>\n",
              "</table>\n",
              "</div>\n",
              "    <div class=\"colab-df-buttons\">\n",
              "\n",
              "  <div class=\"colab-df-container\">\n",
              "    <button class=\"colab-df-convert\" onclick=\"convertToInteractive('df-bb733f39-206d-4936-990b-fda8dca5b3b8')\"\n",
              "            title=\"Convert this dataframe to an interactive table.\"\n",
              "            style=\"display:none;\">\n",
              "\n",
              "  <svg xmlns=\"http://www.w3.org/2000/svg\" height=\"24px\" viewBox=\"0 -960 960 960\">\n",
              "    <path d=\"M120-120v-720h720v720H120Zm60-500h600v-160H180v160Zm220 220h160v-160H400v160Zm0 220h160v-160H400v160ZM180-400h160v-160H180v160Zm440 0h160v-160H620v160ZM180-180h160v-160H180v160Zm440 0h160v-160H620v160Z\"/>\n",
              "  </svg>\n",
              "    </button>\n",
              "\n",
              "  <style>\n",
              "    .colab-df-container {\n",
              "      display:flex;\n",
              "      gap: 12px;\n",
              "    }\n",
              "\n",
              "    .colab-df-convert {\n",
              "      background-color: #E8F0FE;\n",
              "      border: none;\n",
              "      border-radius: 50%;\n",
              "      cursor: pointer;\n",
              "      display: none;\n",
              "      fill: #1967D2;\n",
              "      height: 32px;\n",
              "      padding: 0 0 0 0;\n",
              "      width: 32px;\n",
              "    }\n",
              "\n",
              "    .colab-df-convert:hover {\n",
              "      background-color: #E2EBFA;\n",
              "      box-shadow: 0px 1px 2px rgba(60, 64, 67, 0.3), 0px 1px 3px 1px rgba(60, 64, 67, 0.15);\n",
              "      fill: #174EA6;\n",
              "    }\n",
              "\n",
              "    .colab-df-buttons div {\n",
              "      margin-bottom: 4px;\n",
              "    }\n",
              "\n",
              "    [theme=dark] .colab-df-convert {\n",
              "      background-color: #3B4455;\n",
              "      fill: #D2E3FC;\n",
              "    }\n",
              "\n",
              "    [theme=dark] .colab-df-convert:hover {\n",
              "      background-color: #434B5C;\n",
              "      box-shadow: 0px 1px 3px 1px rgba(0, 0, 0, 0.15);\n",
              "      filter: drop-shadow(0px 1px 2px rgba(0, 0, 0, 0.3));\n",
              "      fill: #FFFFFF;\n",
              "    }\n",
              "  </style>\n",
              "\n",
              "    <script>\n",
              "      const buttonEl =\n",
              "        document.querySelector('#df-bb733f39-206d-4936-990b-fda8dca5b3b8 button.colab-df-convert');\n",
              "      buttonEl.style.display =\n",
              "        google.colab.kernel.accessAllowed ? 'block' : 'none';\n",
              "\n",
              "      async function convertToInteractive(key) {\n",
              "        const element = document.querySelector('#df-bb733f39-206d-4936-990b-fda8dca5b3b8');\n",
              "        const dataTable =\n",
              "          await google.colab.kernel.invokeFunction('convertToInteractive',\n",
              "                                                    [key], {});\n",
              "        if (!dataTable) return;\n",
              "\n",
              "        const docLinkHtml = 'Like what you see? Visit the ' +\n",
              "          '<a target=\"_blank\" href=https://colab.research.google.com/notebooks/data_table.ipynb>data table notebook</a>'\n",
              "          + ' to learn more about interactive tables.';\n",
              "        element.innerHTML = '';\n",
              "        dataTable['output_type'] = 'display_data';\n",
              "        await google.colab.output.renderOutput(dataTable, element);\n",
              "        const docLink = document.createElement('div');\n",
              "        docLink.innerHTML = docLinkHtml;\n",
              "        element.appendChild(docLink);\n",
              "      }\n",
              "    </script>\n",
              "  </div>\n",
              "\n",
              "\n",
              "<div id=\"df-2484daff-55ce-432f-8e92-b31dd2a60d91\">\n",
              "  <button class=\"colab-df-quickchart\" onclick=\"quickchart('df-2484daff-55ce-432f-8e92-b31dd2a60d91')\"\n",
              "            title=\"Suggest charts\"\n",
              "            style=\"display:none;\">\n",
              "\n",
              "<svg xmlns=\"http://www.w3.org/2000/svg\" height=\"24px\"viewBox=\"0 0 24 24\"\n",
              "     width=\"24px\">\n",
              "    <g>\n",
              "        <path d=\"M19 3H5c-1.1 0-2 .9-2 2v14c0 1.1.9 2 2 2h14c1.1 0 2-.9 2-2V5c0-1.1-.9-2-2-2zM9 17H7v-7h2v7zm4 0h-2V7h2v10zm4 0h-2v-4h2v4z\"/>\n",
              "    </g>\n",
              "</svg>\n",
              "  </button>\n",
              "\n",
              "<style>\n",
              "  .colab-df-quickchart {\n",
              "      --bg-color: #E8F0FE;\n",
              "      --fill-color: #1967D2;\n",
              "      --hover-bg-color: #E2EBFA;\n",
              "      --hover-fill-color: #174EA6;\n",
              "      --disabled-fill-color: #AAA;\n",
              "      --disabled-bg-color: #DDD;\n",
              "  }\n",
              "\n",
              "  [theme=dark] .colab-df-quickchart {\n",
              "      --bg-color: #3B4455;\n",
              "      --fill-color: #D2E3FC;\n",
              "      --hover-bg-color: #434B5C;\n",
              "      --hover-fill-color: #FFFFFF;\n",
              "      --disabled-bg-color: #3B4455;\n",
              "      --disabled-fill-color: #666;\n",
              "  }\n",
              "\n",
              "  .colab-df-quickchart {\n",
              "    background-color: var(--bg-color);\n",
              "    border: none;\n",
              "    border-radius: 50%;\n",
              "    cursor: pointer;\n",
              "    display: none;\n",
              "    fill: var(--fill-color);\n",
              "    height: 32px;\n",
              "    padding: 0;\n",
              "    width: 32px;\n",
              "  }\n",
              "\n",
              "  .colab-df-quickchart:hover {\n",
              "    background-color: var(--hover-bg-color);\n",
              "    box-shadow: 0 1px 2px rgba(60, 64, 67, 0.3), 0 1px 3px 1px rgba(60, 64, 67, 0.15);\n",
              "    fill: var(--button-hover-fill-color);\n",
              "  }\n",
              "\n",
              "  .colab-df-quickchart-complete:disabled,\n",
              "  .colab-df-quickchart-complete:disabled:hover {\n",
              "    background-color: var(--disabled-bg-color);\n",
              "    fill: var(--disabled-fill-color);\n",
              "    box-shadow: none;\n",
              "  }\n",
              "\n",
              "  .colab-df-spinner {\n",
              "    border: 2px solid var(--fill-color);\n",
              "    border-color: transparent;\n",
              "    border-bottom-color: var(--fill-color);\n",
              "    animation:\n",
              "      spin 1s steps(1) infinite;\n",
              "  }\n",
              "\n",
              "  @keyframes spin {\n",
              "    0% {\n",
              "      border-color: transparent;\n",
              "      border-bottom-color: var(--fill-color);\n",
              "      border-left-color: var(--fill-color);\n",
              "    }\n",
              "    20% {\n",
              "      border-color: transparent;\n",
              "      border-left-color: var(--fill-color);\n",
              "      border-top-color: var(--fill-color);\n",
              "    }\n",
              "    30% {\n",
              "      border-color: transparent;\n",
              "      border-left-color: var(--fill-color);\n",
              "      border-top-color: var(--fill-color);\n",
              "      border-right-color: var(--fill-color);\n",
              "    }\n",
              "    40% {\n",
              "      border-color: transparent;\n",
              "      border-right-color: var(--fill-color);\n",
              "      border-top-color: var(--fill-color);\n",
              "    }\n",
              "    60% {\n",
              "      border-color: transparent;\n",
              "      border-right-color: var(--fill-color);\n",
              "    }\n",
              "    80% {\n",
              "      border-color: transparent;\n",
              "      border-right-color: var(--fill-color);\n",
              "      border-bottom-color: var(--fill-color);\n",
              "    }\n",
              "    90% {\n",
              "      border-color: transparent;\n",
              "      border-bottom-color: var(--fill-color);\n",
              "    }\n",
              "  }\n",
              "</style>\n",
              "\n",
              "  <script>\n",
              "    async function quickchart(key) {\n",
              "      const quickchartButtonEl =\n",
              "        document.querySelector('#' + key + ' button');\n",
              "      quickchartButtonEl.disabled = true;  // To prevent multiple clicks.\n",
              "      quickchartButtonEl.classList.add('colab-df-spinner');\n",
              "      try {\n",
              "        const charts = await google.colab.kernel.invokeFunction(\n",
              "            'suggestCharts', [key], {});\n",
              "      } catch (error) {\n",
              "        console.error('Error during call to suggestCharts:', error);\n",
              "      }\n",
              "      quickchartButtonEl.classList.remove('colab-df-spinner');\n",
              "      quickchartButtonEl.classList.add('colab-df-quickchart-complete');\n",
              "    }\n",
              "    (() => {\n",
              "      let quickchartButtonEl =\n",
              "        document.querySelector('#df-2484daff-55ce-432f-8e92-b31dd2a60d91 button');\n",
              "      quickchartButtonEl.style.display =\n",
              "        google.colab.kernel.accessAllowed ? 'block' : 'none';\n",
              "    })();\n",
              "  </script>\n",
              "</div>\n",
              "\n",
              "    </div>\n",
              "  </div>\n"
            ],
            "application/vnd.google.colaboratory.intrinsic+json": {
              "type": "dataframe",
              "summary": "{\n  \"name\": \"dfCSV\",\n  \"rows\": 8,\n  \"fields\": [\n    {\n      \"column\": \"\\u89c0\\u6e2c\\u65e5\\u671f(day)\",\n      \"properties\": {\n        \"dtype\": \"number\",\n        \"std\": 10.509231933006012,\n        \"min\": 1.0,\n        \"max\": 30.0,\n        \"num_unique_values\": 6,\n        \"samples\": [\n          30.0,\n          15.5,\n          22.75\n        ],\n        \"semantic_type\": \"\",\n        \"description\": \"\"\n      }\n    },\n    {\n      \"column\": \"\\u7576\\u65e5\\u6c23\\u58d3(hPa)\",\n      \"properties\": {\n        \"dtype\": \"number\",\n        \"std\": 456.790570903445,\n        \"min\": 2.8446440902158603,\n        \"max\": 1007.1,\n        \"num_unique_values\": 8,\n        \"samples\": [\n          1003.42,\n          1004.45,\n          30.0\n        ],\n        \"semantic_type\": \"\",\n        \"description\": \"\"\n      }\n    },\n    {\n      \"column\": \"\\u6c23\\u6eab(\\u2103)\",\n      \"properties\": {\n        \"dtype\": \"number\",\n        \"std\": 9.501053992914294,\n        \"min\": 1.4865682148731907,\n        \"max\": 30.1,\n        \"num_unique_values\": 8,\n        \"samples\": [\n          27.566666666666666,\n          27.7,\n          30.0\n        ],\n        \"semantic_type\": \"\",\n        \"description\": \"\"\n      }\n    },\n    {\n      \"column\": \"\\u76f8\\u5c0d\\u6ebc\\u5ea6(%)\",\n      \"properties\": {\n        \"dtype\": \"number\",\n        \"std\": 31.142185017465874,\n        \"min\": 5.929082811742956,\n        \"max\": 93.0,\n        \"num_unique_values\": 8,\n        \"samples\": [\n          82.46666666666667,\n          82.0,\n          30.0\n        ],\n        \"semantic_type\": \"\",\n        \"description\": \"\"\n      }\n    },\n    {\n      \"column\": \"\\u98a8\\u901f(m/s)\",\n      \"properties\": {\n        \"dtype\": \"number\",\n        \"std\": 10.426918868119667,\n        \"min\": 0.0,\n        \"max\": 30.0,\n        \"num_unique_values\": 8,\n        \"samples\": [\n          0.5533333333333333,\n          0.45,\n          30.0\n        ],\n        \"semantic_type\": \"\",\n        \"description\": \"\"\n      }\n    },\n    {\n      \"column\": \"\\u964d\\u6c34\\u91cf(mm)\",\n      \"properties\": {\n        \"dtype\": \"number\",\n        \"std\": 30.715048683203033,\n        \"min\": 0.0,\n        \"max\": 91.5,\n        \"num_unique_values\": 7,\n        \"samples\": [\n          30.0,\n          11.933333333333334,\n          8.125\n        ],\n        \"semantic_type\": \"\",\n        \"description\": \"\"\n      }\n    }\n  ]\n}"
            }
          },
          "metadata": {},
          "execution_count": 167
        }
      ]
    },
    {
      "cell_type": "code",
      "source": [
        "print('平均氣溫：',dfCSV['氣溫(℃)'].mean(),'℃')\n",
        "print('最大濕度：',dfCSV['相對溼度(%)'].max(),'%')\n",
        "print('最低氣壓：',dfCSV['當日氣壓(hPa)'].min(),'hPa')\n",
        "print('總雨量：',dfCSV['降水量(mm)'].sum(),'mm')"
      ],
      "metadata": {
        "colab": {
          "base_uri": "https://localhost:8080/"
        },
        "id": "FzIJ2novYXMI",
        "outputId": "a161ada8-820e-4178-881f-939161d7c4d2"
      },
      "execution_count": null,
      "outputs": [
        {
          "output_type": "stream",
          "name": "stdout",
          "text": [
            "平均氣溫： 27.566666666666666 ℃\n",
            "最大濕度： 93 %\n",
            "最低氣壓： 996.3 hPa\n",
            "總雨量： 358.0 mm\n"
          ]
        }
      ]
    },
    {
      "cell_type": "code",
      "source": [
        "# X 軸資料製作\n",
        "X = np.arange(0., 30., 1)\n",
        "\n",
        "# 繪製折線圖\n",
        "X = np.arange(0., 30., 1)\n",
        "plt.plot(X, DTem, \"r-\")\n",
        "plt.show()"
      ],
      "metadata": {
        "colab": {
          "base_uri": "https://localhost:8080/",
          "height": 430
        },
        "id": "AppfG6RuZQPw",
        "outputId": "5fd0c7bc-543f-4347-c170-6d38ffc88598"
      },
      "execution_count": null,
      "outputs": [
        {
          "output_type": "display_data",
          "data": {
            "text/plain": [
              "<Figure size 640x480 with 1 Axes>"
            ],
